0.000000 1.821572 0.000000 70.528908
0.000000 4.853083 2.032692 542.744800
0.000000 0.000000 0.000000 0.000000
0.000000 1.097911 1107.658400 0.000000
6.095666 1.420443 0.000000 51.273028
49.796197 -62.291358 10.280357 227.323703
801.675385 -9.620715 7.134079 12.718636
141.342590 -2.344287 51.740977 0.000000
11.327166 1.256134 0.000000 -95.047423
18.189144 2.439436 0.533098 -71.131116
57.887329 0.026167 -36.988814 -18.844082
4.684246 0.625971 -1.347591 0.000000
1.834091 0.000000 0.000000 2.450738
0.000000 0.000000 0.000000 0.000000
-50.383396 0.000000 0.331896 0.000204
-19.362746 0.000000 0.017312 0.000000
